[gd_scene load_steps=9 format=3 uid="uid://ct5v7u5iaehl3"]

[ext_resource type="Shader" path="res://shader/my_2_nd_3d_shader.gdshader" id="1_t3roi"]

[sub_resource type="FastNoiseLite" id="FastNoiseLite_0ilmp"]

[sub_resource type="NoiseTexture2D" id="NoiseTexture2D_2hgih"]
seamless = true
noise = SubResource("FastNoiseLite_0ilmp")

[sub_resource type="FastNoiseLite" id="FastNoiseLite_cw6gl"]

[sub_resource type="NoiseTexture2D" id="NoiseTexture2D_pexek"]
seamless = true
noise = SubResource("FastNoiseLite_cw6gl")

[sub_resource type="ShaderMaterial" id="ShaderMaterial_wqygx"]
render_priority = 0
shader = ExtResource("1_t3roi")
shader_parameter/map_scale = 19.305
shader_parameter/time_scale = 0.87
shader_parameter/height_scale = 0.2
shader_parameter/normal_map_scale = 0.0
shader_parameter/epsilon = 0.091
shader_parameter/albedo_2nd = Color(0.431373, 0.356863, 0.270588, 1)
shader_parameter/noise1 = SubResource("NoiseTexture2D_2hgih")
shader_parameter/noise2 = SubResource("NoiseTexture2D_pexek")

[sub_resource type="PlaneMesh" id="PlaneMesh_c51jb"]
material = SubResource("ShaderMaterial_wqygx")
size = Vector2(50, 100)
subdivide_width = 1024
subdivide_depth = 2048

[sub_resource type="BoxMesh" id="BoxMesh_fm5lq"]
size = Vector3(2, 2, 2)

[node name="my_2nd_3D_shader" type="Node3D"]

[node name="MeshInstance3D" type="MeshInstance3D" parent="."]
transform = Transform3D(1, 0, 0, 0, 1, 0, 0, 0, 1, -3.15774, -9.53674e-07, 44.2323)
mesh = SubResource("PlaneMesh_c51jb")

[node name="OmniLight3D" type="OmniLight3D" parent="."]
transform = Transform3D(0.999996, -0.00198311, 0.00181426, 0.0026878, 0.737817, -0.674996, 0, 0.674998, 0.737819, 0, 500, 500)
light_energy = 800.0
omni_range = 4096.0

[node name="Camera3D" type="Camera3D" parent="."]
transform = Transform3D(-0.999962, 0.00233209, -0.00840925, 0, 0.96363, 0.267238, 0.00872664, 0.267228, -0.963594, 0, 5.185, -8.527)

[node name="DirectionalLight3D" type="DirectionalLight3D" parent="."]
transform = Transform3D(1, 0, 0, 0, 0.243615, 0.969872, 0, -0.969872, 0.243615, 0, 0, 0)
visible = false

[node name="MeshInstance3D2" type="MeshInstance3D" parent="."]
transform = Transform3D(1, 0, 0, 0, 1, 0, 0, 0, 1, 0.655848, 0.326548, 7.9532)
visible = false
mesh = SubResource("BoxMesh_fm5lq")
